$ANSIBLE_VAULT;1.1;AES256
38316434623334313062346263663662373431373262373232636631356530333039336532396434
6330616435663232663731376339623666393032323161380a343561666636393332616161396338
38633830336561613536663639303138646630613335643263613130336164366437633639316361
3364386538326532660a393331316533343330616439356631613161323334393163643730356463
65663036633464376530663034643165386363353562346262376161633465353364653166643830
65343439313564643835646366313332363065333262626139346563306137653930366363383663
37663163626363646561646335383331323432386430353233653761303630353366386431636261
31373736306563646464626234333332666333623734396636336632613265653961333563346165
61336337373638383861656532666636363861396166333230346665636531626437636536383539
36363636323865306535636336346665303264383236343865383835633531333565643065383462
30373239646664616634303366323138383034656365393037353438313735353931646262656133
63363430373462363637333934303064346661626230383666386539616630616639313531653466
38356165663131636161616437336533333462376639323461343032646361373635373330353238
33663261643631376633623636343964636466386334336337373231373063386661336461306365
37653038363862366438616130636333613032326236363138613161646133656336313433336138
38623737303865636432366262613134333932613333643731366538373066393434616665663833
35663230363230646365613937396664626231336336343235306262383638306434646630386639
33306163313865633337323762363836373664653864356565393032306132336366353433663338
64306132373833326166643733306365626136356330373665653630363933396665323132663163
61663832356535303966663761363139366235313565373838643665346231323161613835663064
35353633613330353566376461613266653165636432373062346339613030313539633930656330
39616535356564363634373938663863343363353836323835363863383162396532613564383939
30366134336164316230316336633337353137353233363031343930383161613336386233386562
36393738636539313062623838626366613064643139383235326166393234366137363364663866
3361
